108.901981
112.985620
114.926237
114.935750
128.892164
130.889226
144.869692
146.866733
150.886647
152.883706
184.863671
191.061432
193.076450
193.077118
229.053786
230.037769
230.050789
231.054184
265.027375
266.033787
266.803820
267.024296
268.030862
268.800942
269.024547
270.797926
287.012383
322.984371
323.992377
324.981519
325.989519
326.983103
380.947799
382.944698
384.941755
423.138002
458.088403
459.114962
461.111910
462.081750
495.091388
496.095095
497.084514
498.091876
499.085773
553.045176
555.042258
556.050378
557.044272
