137.023740000000
154.026444000000
155.034275000000
162.112830000000
169.076004497366
170.079230739405
170.084174481322
171.092021705857
176.008326000000
177.016186000000
192.990058000000
198.998023000000
214.971958000000
230.945767000000
273.039404000000
274.039564000000
274.042623000000
290.042016000000
291.049940000000
307.043705000000
313.031628000000
321.086777422758
323.102492000000
329.005607000000
329.026509000000
345.000393000000
348.069951000000
353.024103000000
369.351114751825
375.005921000000
390.979561000000
406.953603000000
439.065167000000
566.986999000000
582.960960000000
703.571663609966
725.530862644135
725.553086264414
734.565761124300
758.565614289462
759.569515271648
760.581312795535
780.547614584894
781.550831884323
782.563874187301
786.596704634095
796.521605748446
797.524014880329
798.537552302593
